UAS: 86.48702545055713
UASnoPunc: 88.20437461142825
LAS: 84.06411247102226
LASnoPunc: 85.4660035042107

UEM: 31.647058823529413
UEMnoPunc: 35.11764705882353
ROOT: 88.29411764705883
